[gd_scene load_steps=15 format=3 uid="uid://dfhk1ixhf7sm2"]

[ext_resource type="Script" uid="uid://bq34e25l8qquo" path="res://scenes/single_play.gd" id="1_ra4gc"]
[ext_resource type="Environment" uid="uid://jvmpkdwaeaq" path="res://scenes/main-environment.tres" id="2_db7yb"]
[ext_resource type="PackedScene" uid="uid://dl2ed4gkybggf" path="res://objects/player.tscn" id="3_5iqpt"]
[ext_resource type="PackedScene" uid="uid://r7rt7pth4u7o" path="res://objects/wall_low.tscn" id="3_nfydl"]
[ext_resource type="PackedScene" uid="uid://d2g78tpqbyf5g" path="res://objects/enemy.tscn" id="4_8dmo7"]
[ext_resource type="PackedScene" uid="uid://dpm3l05d7fu35" path="res://objects/platform.tscn" id="4_jfxdf"]
[ext_resource type="PackedScene" uid="uid://c71evdjblk5wp" path="res://objects/wall_high.tscn" id="5_xhsyh"]
[ext_resource type="PackedScene" uid="uid://bvx5cvigosg0s" path="res://objects/platform_large_grass.tscn" id="6_k5v7i"]
[ext_resource type="Script" uid="uid://rjmrqwr3pmsp" path="res://scripts/hud.gd" id="9_rdtmw"]
[ext_resource type="FontFile" uid="uid://biqtga8moh7ah" path="res://fonts/lilita_one_regular.ttf" id="10_wywv7"]

[sub_resource type="LabelSettings" id="LabelSettings_hsifr"]
font = ExtResource("10_wywv7")
font_size = 36
outline_size = 12
outline_color = Color(0, 0, 0, 0.470588)

[sub_resource type="LabelSettings" id="LabelSettings_w1h1l"]
font = ExtResource("10_wywv7")
font_size = 36
outline_size = 12
outline_color = Color(0, 0, 0, 0.470588)

[sub_resource type="StyleBoxFlat" id="StyleBoxFlat_ts50e"]
bg_color = Color(0, 0, 0, 0.705882)

[sub_resource type="StyleBoxFlat" id="StyleBoxFlat_jgmxn"]
bg_color = Color(0, 1, 0, 1)

[node name="Single Play" type="Node3D"]
script = ExtResource("1_ra4gc")

[node name="WorldEnvironment" type="WorldEnvironment" parent="."]
environment = ExtResource("2_db7yb")

[node name="Sun" type="DirectionalLight3D" parent="."]
transform = Transform3D(-0.422618, -0.694272, 0.582563, 0, 0.642788, 0.766044, -0.906308, 0.323744, -0.271654, 0, 0, 0)
shadow_enabled = true
shadow_opacity = 0.75

[node name="Player" parent="." instance=ExtResource("3_5iqpt")]
transform = Transform3D(1, 0, 0, 0, 1, 0, 0, 0, 1, 0, 2.5, 0)

[node name="Enemies" type="Node" parent="."]

[node name="enemy-flying" parent="Enemies" node_paths=PackedStringArray("player") instance=ExtResource("4_8dmo7")]
transform = Transform3D(0.965926, 0, 0.258819, 0, 1, 0, -0.258819, 0, 0.965926, -4, 3, -6)
player = NodePath("../../Player")

[node name="enemy-flying2" parent="Enemies" node_paths=PackedStringArray("player") instance=ExtResource("4_8dmo7")]
transform = Transform3D(0.707107, 0, -0.707107, 0, 1, 0, 0.707107, 0, 0.707107, 11, 5, -7)
player = NodePath("../../Player")

[node name="enemy-flying3" parent="Enemies" node_paths=PackedStringArray("player") instance=ExtResource("4_8dmo7")]
transform = Transform3D(-0.258819, 0, 0.965926, 0, 1, 0, -0.965926, 0, -0.258819, -8, 4, 3)
player = NodePath("../../Player")

[node name="enemy-flying4" parent="Enemies" node_paths=PackedStringArray("player") instance=ExtResource("4_8dmo7")]
transform = Transform3D(-0.707107, 0, -0.707107, 0, 1, 0, 0.707107, 0, -0.707107, 7, 4, 6)
player = NodePath("../../Player")

[node name="Level" type="Node" parent="."]

[node name="wall-low" parent="Level" instance=ExtResource("3_nfydl")]
transform = Transform3D(0.965926, 0, 0.258819, 0, 1, 0, -0.258819, 0, 0.965926, -1.92088, 1.05, -6.90166)

[node name="wall-low3" parent="Level" instance=ExtResource("3_nfydl")]
transform = Transform3D(-1, 0, -1.19209e-07, 0, 1, 0, 1.19209e-07, 0, -1, 6.07912, 1.05, 6.59834)

[node name="platform" parent="Level" instance=ExtResource("4_jfxdf")]
transform = Transform3D(1, 0, 0, 0, 1, 0, 0, 0, 1, -2.5, 0, 6.5)

[node name="platform2" parent="Level" instance=ExtResource("4_jfxdf")]
transform = Transform3D(1, 0, 0, 0, 1, 0, 0, 0, 1, -6.5, 2.5, -2.5)

[node name="platform3" parent="Level" instance=ExtResource("4_jfxdf")]
transform = Transform3D(1, 0, 0, 0, 1, 0, 0, 0, 1, 2.5, 3, -3.5)

[node name="platform4" parent="Level" instance=ExtResource("4_jfxdf")]
transform = Transform3D(0.707107, 0, -0.707107, 0, 1, 0, 0.707107, 0, 0.707107, 7, 1, -2)

[node name="wall-high" parent="Level" instance=ExtResource("5_xhsyh")]
transform = Transform3D(1, 0, 0, 0, 1, 0, 0, 0, 1, -5.5, 1.5, 4)

[node name="wall-high2" parent="Level" instance=ExtResource("5_xhsyh")]
transform = Transform3D(0.707107, 0, -0.707107, 0, 1, 0, 0.707107, 0, 0.707107, 11.5, 3, -5.5)

[node name="platform-large-grass" parent="Level" instance=ExtResource("6_k5v7i")]
transform = Transform3D(1, 0, 0, 0, 1, 0, 0, 0, 1, 0, -0.5, 0)

[node name="platform-large-grass2" parent="Level" instance=ExtResource("6_k5v7i")]
transform = Transform3D(0.965926, 0, 0.258819, 0, 1, 0, -0.258819, 0, 0.965926, -2, 0.5, -6)

[node name="platform-large-grass3" parent="Level" instance=ExtResource("6_k5v7i")]
transform = Transform3D(0.965926, 0, -0.258819, 0, 1, 0, 0.258819, 0, 0.965926, -6, 1, 2.5)

[node name="platform-large-grass5" parent="Level" instance=ExtResource("6_k5v7i")]
transform = Transform3D(0.866026, 0, -0.5, 0, 1, 0, 0.5, 0, 0.866026, 12, 2.5, -5)

[node name="platform-large-grass4" parent="Level" instance=ExtResource("6_k5v7i")]
transform = Transform3D(0.965926, 0, 0.258819, 0, 1, 0, -0.258819, 0, 0.965926, 5, 0.5, 5.5)

[node name="Decoration" type="Node" parent="."]

[node name="MultiplayerSpawner" type="MultiplayerSpawner" parent="."]
_spawnable_scenes = PackedStringArray("res://objects/player.tscn")
spawn_path = NodePath("..")

[node name="CanvasLayer" type="CanvasLayer" parent="."]

[node name="HUD" type="Control" parent="CanvasLayer"]
layout_mode = 3
anchors_preset = 0
offset_right = 40.0
offset_bottom = 40.0
script = ExtResource("9_rdtmw")

[node name="Health" type="Label" parent="CanvasLayer/HUD"]
layout_mode = 1
anchors_preset = 8
anchor_left = 0.5
anchor_top = 0.5
anchor_right = 0.5
anchor_bottom = 0.5
offset_left = 5.0
offset_top = 630.0
offset_right = 95.0
offset_bottom = 675.0
grow_horizontal = 2
grow_vertical = 2
size_flags_horizontal = 0
size_flags_vertical = 8
text = "100%"
label_settings = SubResource("LabelSettings_hsifr")
vertical_alignment = 2

[node name="Crosshair" type="TextureRect" parent="CanvasLayer/HUD"]
layout_mode = 0
offset_left = 640.0
offset_top = 360.0
offset_right = 640.0
offset_bottom = 360.0
scale = Vector2(0.35, 0.35)
size_flags_horizontal = 4
size_flags_vertical = 4

[node name="Gun HUD" type="Control" parent="CanvasLayer/HUD"]
anchors_preset = 0
offset_right = 40.0
offset_bottom = 40.0

[node name="ReloadingText" type="Label" parent="CanvasLayer/HUD/Gun HUD"]
visible = false
layout_mode = 1
anchors_preset = 8
anchor_left = 0.5
anchor_top = 0.5
anchor_right = 0.5
anchor_bottom = 0.5
offset_left = 1088.0
offset_top = 530.0
offset_right = 1243.0
offset_bottom = 575.0
grow_horizontal = 2
grow_vertical = 2
text = "Reloading"
label_settings = SubResource("LabelSettings_w1h1l")

[node name="ReloadingBar" type="ProgressBar" parent="CanvasLayer/HUD/Gun HUD"]
visible = false
layout_mode = 1
anchors_preset = 8
anchor_left = 0.5
anchor_top = 0.5
anchor_right = 0.5
anchor_bottom = 0.5
offset_left = 1088.0
offset_top = 580.0
offset_right = 1243.0
offset_bottom = 625.0
grow_horizontal = 2
grow_vertical = 2
theme_override_styles/background = SubResource("StyleBoxFlat_ts50e")
theme_override_styles/fill = SubResource("StyleBoxFlat_jgmxn")
show_percentage = false

[node name="Ammo" type="Label" parent="CanvasLayer/HUD/Gun HUD"]
layout_mode = 1
anchors_preset = 8
anchor_left = 0.5
anchor_top = 0.5
anchor_right = 0.5
anchor_bottom = 0.5
offset_left = 1106.0
offset_top = 630.0
offset_right = 1225.0
offset_bottom = 675.0
grow_horizontal = 2
grow_vertical = 2
text = "30 / 30"
label_settings = SubResource("LabelSettings_w1h1l")

[node name="ReloadTimer" type="Timer" parent="CanvasLayer/HUD/Gun HUD"]
one_shot = true
